// Copyright Takamitsu Endo (ryukau@gmail.com)
// SPDX-License-Identifier: Apache-2.0

/*
Generated from `printCircular` in `tuning/circularmembranemode.py`.
*/

export const membranePitchTable = {
  "jn_zeros": [
    [
      2.4048255576957724, 5.520078110286311, 8.653727912911013, 11.791534439014281,
      14.930917708487787, 18.071063967910924, 21.21163662987926, 24.352471530749302,
      27.493479132040253, 30.634606468431976, 33.77582021357357, 36.917098353664045,
      40.05842576462824, 43.19979171317673, 46.341188371661815, 49.482609897397815,
      52.624051841115
    ],
    [
      3.8317059702075125, 7.015586669815619, 10.173468135062722, 13.323691936314223,
      16.470630050877634, 19.615858510468243, 22.760084380592772, 25.903672087618382,
      29.046828534916855, 32.189679910974405, 35.33230755008386, 38.474766234771614,
      41.61709421281445, 44.75931899765282, 47.90146088718545, 51.043535183571514,
      54.18555364106132
    ],
    [
      5.135622301840683, 8.417244140399866, 11.61984117214906, 14.795951782351262,
      17.959819494987826, 21.116997053021844, 24.2701123135731, 27.420573549984557,
      30.569204495516395, 33.7165195092227, 36.86285651128381, 40.008446733478195,
      43.153453778371464, 46.29799667723692, 49.442164110416876, 52.58602350681596,
      55.72962705320114
    ],
    [
      6.380161895923984, 9.76102312998167, 13.015200721698434, 16.223466160318768,
      19.409415226435012, 22.582729593104443, 25.748166699294977, 28.908350780921758,
      32.06485240709771, 35.218670738610115, 38.37047243475695, 41.52071967040678,
      44.669743116617255, 47.8177856915333, 50.96502990620518, 54.11161556982187,
      57.25765160449902
    ],
    [
      7.588342434503804, 11.064709488501185, 14.37253667161759, 17.615966049804832,
      20.826932956962388, 24.01901952477111, 27.19908776598125, 30.371007667117247,
      33.53713771181922, 36.69900112874465, 39.85762730218089, 43.01373772335443,
      46.167853512924374, 49.32036068639027, 52.471551398458026, 55.62165090976798,
      58.77083574045925
    ],
    [
      8.771483815959954, 12.338604197466944, 15.70017407971167, 18.98013387517992,
      22.217799896561267, 25.430341154222702, 28.62661830729114, 31.811716724047763,
      34.988781294559296, 38.15986856196713, 41.32638325404741, 44.48931912321967,
      47.649399806697055, 50.80716520300633, 53.96302655837815, 57.11730278150425,
      60.27024507294279
    ],
    [
      9.936109524217686, 13.589290170541217, 17.003819667816014, 20.320789213566506,
      23.58608443558139, 26.820151983411403, 30.03372238657047, 33.23304176284712,
      36.42201966825846, 39.603239416075404, 42.77848161319951, 45.949015998042604,
      49.11577372476426, 52.27945390360105, 55.44059206885315, 58.59960563123769,
      61.756824901876804
    ],
    [
      11.086370019245084, 14.821268727013171, 18.28758283248173, 21.6415410198484,
      24.934927887673023, 28.191188459483197, 31.42279419226558, 34.637089352069324,
      37.83871738285361, 41.03077369158554, 44.21540850526126, 47.39416575557051,
      50.568184679795564, 53.73832537196329, 56.905249991978785, 60.069476998277,
      63.23141836888827
    ],
    [
      12.225092264004656, 16.03777419088771, 19.554536430997054, 22.945173131874622,
      26.266814641176644, 29.54565967099855, 32.795800037341465, 36.02561506386957,
      39.24044799517814, 42.44388774327356, 45.638444182199144, 48.82593038155386,
      52.0076914566869, 55.184747939289046, 58.35788902526969, 61.527735166816,
      64.6947812358187
    ],
    [
      13.35430047743533, 17.24122038248913, 20.807047789264107, 24.23388525775055,
      27.583748963573008, 30.885378967696674, 34.154377923855094, 37.400099977156586,
      40.628553718964525, 43.84380142033734, 47.04870073765403, 50.24532695530538,
      53.43522715704206, 56.619580266508436, 59.79930163096023, 62.9751135342416,
      66.14759402479596
    ],
    [
      14.47550068655454, 18.43346366696658, 22.0469853646978, 25.509450554182827,
      28.88737506353046, 32.211856199712734, 35.499909205373854, 38.76180701788165,
      42.0041902366718, 45.231574103535046, 48.44715138726939, 51.65325166816586,
      54.85161907596335, 58.043587928232476, 61.23019797729268, 64.41227241292435,
      67.59047207369848
    ],
    [
      15.589847884455486, 19.61596690396692, 23.27585372626341, 26.77332254550954,
      30.17906117878486, 33.526364075588624, 36.8335713418949, 40.11182327095424,
      43.36836094752171, 46.60813267627494, 49.83465351039673, 53.050498959135055,
      56.25760471511448, 59.457456908388004, 62.65121738820291, 65.8398088044451,
      69.02397392846129
    ],
    [
      16.698249933848246, 20.789906360078444, 24.494885043881354, 28.026709949973128,
      31.45996003531804, 34.82998699029024, 38.15637750468135, 41.45109230793968,
      44.721943543191145, 47.97429353126905, 51.21196700410107, 54.43777692832508,
      57.65384481190694, 60.8618046824805, 64.06293782485014, 67.25826455634123,
      70.44860839652056
    ],
    [
      17.80143515328244, 21.95624406783631, 25.705103053924724, 29.270630441874804,
      32.7310533109784, 36.123657666448764, 39.46920682524388, 42.78043926544716,
      46.06571091157561, 49.330780096443526, 52.5797690643834, 55.81571987630578,
      59.04093403724927, 62.25718939373173, 65.46588379723212, 68.6681332168911,
      71.86484051350274
    ],
    [
      18.899997953174022, 23.115778347252757, 26.907368976182106, 30.505950163896035,
      33.99318498478154, 37.408185128639694, 40.772827853501866, 44.1005905657983,
      47.40034778054323, 50.6782369464799, 53.93866620912693, 57.184898598119304,
      60.4194098521303, 63.64411750896228, 66.8605330122601, 70.06986583319646,
      73.2730966210099
    ],
    [
      19.994430629816385, 24.269180026208915, 28.10241523166776, 31.733413344374544,
      35.24708678579333, 38.684276389289565, 42.067916998656834, 45.412189614733116,
      48.72646411624069, 52.0172412788816, 55.28920414656004, 58.54582890438507,
      61.78975989594504, 65.02305025104225, 68.24732199642078, 71.46387588502266,
      74.67376871214042
    ],
    [
      21.085146113064717, 25.41701900634276, 29.29087069631341, 32.953664885068754,
      36.49339791244648, 39.952553490221185, 43.355073203851845, 46.71580943502576,
      50.04460601684252, 53.348312331852874, 56.631875942813004, 59.89897872877684,
      63.15242819338028, 66.39440903858825, 69.62665087986971, 72.85054350675424,
      76.06721816977328
    ]
  ],
  "jn_zeros_tr": [
    [
      2.4048255576957724, 3.8317059702075125, 5.135622301840683, 6.380161895923984,
      7.588342434503804, 8.771483815959954, 9.936109524217686, 11.086370019245084,
      12.225092264004656, 13.35430047743533, 14.47550068655454, 15.589847884455486,
      16.698249933848246, 17.80143515328244, 18.899997953174022, 19.994430629816385,
      21.085146113064717
    ],
    [
      5.520078110286311, 7.015586669815619, 8.417244140399866, 9.76102312998167,
      11.064709488501185, 12.338604197466944, 13.589290170541217, 14.821268727013171,
      16.03777419088771, 17.24122038248913, 18.43346366696658, 19.61596690396692,
      20.789906360078444, 21.95624406783631, 23.115778347252757, 24.269180026208915,
      25.41701900634276
    ],
    [
      8.653727912911013, 10.173468135062722, 11.61984117214906, 13.015200721698434,
      14.37253667161759, 15.70017407971167, 17.003819667816014, 18.28758283248173,
      19.554536430997054, 20.807047789264107, 22.0469853646978, 23.27585372626341,
      24.494885043881354, 25.705103053924724, 26.907368976182106, 28.10241523166776,
      29.29087069631341
    ],
    [
      11.791534439014281, 13.323691936314223, 14.795951782351262, 16.223466160318768,
      17.615966049804832, 18.98013387517992, 20.320789213566506, 21.6415410198484,
      22.945173131874622, 24.23388525775055, 25.509450554182827, 26.77332254550954,
      28.026709949973128, 29.270630441874804, 30.505950163896035, 31.733413344374544,
      32.953664885068754
    ],
    [
      14.930917708487787, 16.470630050877634, 17.959819494987826, 19.409415226435012,
      20.826932956962388, 22.217799896561267, 23.58608443558139, 24.934927887673023,
      26.266814641176644, 27.583748963573008, 28.88737506353046, 30.17906117878486,
      31.45996003531804, 32.7310533109784, 33.99318498478154, 35.24708678579333,
      36.49339791244648
    ],
    [
      18.071063967910924, 19.615858510468243, 21.116997053021844, 22.582729593104443,
      24.01901952477111, 25.430341154222702, 26.820151983411403, 28.191188459483197,
      29.54565967099855, 30.885378967696674, 32.211856199712734, 33.526364075588624,
      34.82998699029024, 36.123657666448764, 37.408185128639694, 38.684276389289565,
      39.952553490221185
    ],
    [
      21.21163662987926, 22.760084380592772, 24.2701123135731, 25.748166699294977,
      27.19908776598125, 28.62661830729114, 30.03372238657047, 31.42279419226558,
      32.795800037341465, 34.154377923855094, 35.499909205373854, 36.8335713418949,
      38.15637750468135, 39.46920682524388, 40.772827853501866, 42.067916998656834,
      43.355073203851845
    ],
    [
      24.352471530749302, 25.903672087618382, 27.420573549984557, 28.908350780921758,
      30.371007667117247, 31.811716724047763, 33.23304176284712, 34.637089352069324,
      36.02561506386957, 37.400099977156586, 38.76180701788165, 40.11182327095424,
      41.45109230793968, 42.78043926544716, 44.1005905657983, 45.412189614733116,
      46.71580943502576
    ],
    [
      27.493479132040253, 29.046828534916855, 30.569204495516395, 32.06485240709771,
      33.53713771181922, 34.988781294559296, 36.42201966825846, 37.83871738285361,
      39.24044799517814, 40.628553718964525, 42.0041902366718, 43.36836094752171,
      44.721943543191145, 46.06571091157561, 47.40034778054323, 48.72646411624069,
      50.04460601684252
    ],
    [
      30.634606468431976, 32.189679910974405, 33.7165195092227, 35.218670738610115,
      36.69900112874465, 38.15986856196713, 39.603239416075404, 41.03077369158554,
      42.44388774327356, 43.84380142033734, 45.231574103535046, 46.60813267627494,
      47.97429353126905, 49.330780096443526, 50.6782369464799, 52.0172412788816,
      53.348312331852874
    ],
    [
      33.77582021357357, 35.33230755008386, 36.86285651128381, 38.37047243475695,
      39.85762730218089, 41.32638325404741, 42.77848161319951, 44.21540850526126,
      45.638444182199144, 47.04870073765403, 48.44715138726939, 49.83465351039673,
      51.21196700410107, 52.5797690643834, 53.93866620912693, 55.28920414656004,
      56.631875942813004
    ],
    [
      36.917098353664045, 38.474766234771614, 40.008446733478195, 41.52071967040678,
      43.01373772335443, 44.48931912321967, 45.949015998042604, 47.39416575557051,
      48.82593038155386, 50.24532695530538, 51.65325166816586, 53.050498959135055,
      54.43777692832508, 55.81571987630578, 57.184898598119304, 58.54582890438507,
      59.89897872877684
    ],
    [
      40.05842576462824, 41.61709421281445, 43.153453778371464, 44.669743116617255,
      46.167853512924374, 47.649399806697055, 49.11577372476426, 50.568184679795564,
      52.0076914566869, 53.43522715704206, 54.85161907596335, 56.25760471511448,
      57.65384481190694, 59.04093403724927, 60.4194098521303, 61.78975989594504,
      63.15242819338028
    ],
    [
      43.19979171317673, 44.75931899765282, 46.29799667723692, 47.8177856915333,
      49.32036068639027, 50.80716520300633, 52.27945390360105, 53.73832537196329,
      55.184747939289046, 56.619580266508436, 58.043587928232476, 59.457456908388004,
      60.8618046824805, 62.25718939373173, 63.64411750896228, 65.02305025104225,
      66.39440903858825
    ],
    [
      46.341188371661815, 47.90146088718545, 49.442164110416876, 50.96502990620518,
      52.471551398458026, 53.96302655837815, 55.44059206885315, 56.905249991978785,
      58.35788902526969, 59.79930163096023, 61.23019797729268, 62.65121738820291,
      64.06293782485014, 65.46588379723212, 66.8605330122601, 68.24732199642078,
      69.62665087986971
    ],
    [
      49.482609897397815, 51.043535183571514, 52.58602350681596, 54.11161556982187,
      55.62165090976798, 57.11730278150425, 58.59960563123769, 60.069476998277,
      61.527735166816, 62.9751135342416, 64.41227241292435, 65.8398088044451,
      67.25826455634123, 68.6681332168911, 70.06986583319646, 71.46387588502266,
      72.85054350675424
    ],
    [
      52.624051841115, 54.18555364106132, 55.72962705320114, 57.25765160449902,
      58.77083574045925, 60.27024507294279, 61.756824901876804, 63.23141836888827,
      64.6947812358187, 66.14759402479596, 67.59047207369848, 69.02397392846129,
      70.44860839652056, 71.86484051350274, 73.2730966210099, 74.67376871214042,
      76.06721816977328
    ]
  ],
  "jnp_zeros": [
    [
      3.8317059702075125, 7.015586669815619, 10.173468135062722, 13.323691936314223,
      16.47063005087763, 19.615858510468243, 22.760084380592772, 25.903672087618382,
      29.046828534916855, 32.189679910974405, 35.33230755008386, 38.474766234771614,
      41.61709421281445, 44.75931899765282, 47.90146088718544, 51.043535183571514,
      54.18555364106132
    ],
    [
      1.8411837813406595, 5.3314427735250325, 8.536316366346286, 11.706004902592063,
      14.863588633909034, 18.015527862681804, 21.164369859188792, 24.311326857210776,
      27.457050571059245, 30.601922972669094, 33.746182898667385, 36.88998740923681,
      40.03344405335068, 43.17662896544882, 46.319597561173914, 49.46239113970275,
      52.60504111155669
    ],
    [
      3.0542369282271404, 6.706133194158459, 9.969467823087596, 13.170370856016124,
      16.347522318321783, 19.512912782488204, 22.671581772477428, 25.826037141785264,
      28.977672772993678, 32.127327020443474, 35.27553505067469, 38.42265481755591,
      41.568934936074314, 44.714553532819735, 47.859641607992096, 51.00429767245887,
      54.14859724267124
    ],
    [
      4.201188941210528, 8.015236598375953, 11.345924310743007, 14.585848286167028,
      17.78874786606647, 20.9724769365377, 24.144897432909264, 27.310057930204348,
      30.470268806290424, 33.62694918279668, 36.78102067546438, 39.933108623659486,
      43.08365266237508, 46.23297108183648, 49.38130009237035, 52.52881873720928,
      55.67566523350271
    ],
    [
      5.317553126083994, 9.282396285241614, 12.68190844263889, 15.96410703773155,
      19.196028800048907, 22.401032267689004, 25.589759681386735, 28.767836217666503,
      31.938539340972785, 35.10391667734677, 38.265316987088156, 41.42366649850073,
      44.579623137359256, 47.73366752386575, 50.88615915318268, 54.037372418083905,
      57.18752045984769
    ],
    [
      6.415616375700241, 10.519860873772307, 13.9871886301403, 17.312842487884627,
      20.57551452138689, 23.803581476593862, 27.01030789777772, 30.20284907898166,
      33.38544390101012, 36.56077768688036, 39.730640230067415, 42.89627316349442,
      46.058566273567045, 49.21817461466664, 52.37559152956359, 55.531195884489165,
      58.68528359340737
    ],
    [
      7.5012661446841475, 11.734935953042708, 15.268181461097873, 18.637443009666203,
      21.931715017802237, 25.183925599499627, 28.409776362510083, 31.617875716105036,
      34.81339298429743, 37.9996408977153, 41.17884947432141, 44.35257919907022,
      47.521956905768114, 50.68781778172374, 53.85079463676896, 57.011376080495104,
      60.16994561319462
    ],
    [
      8.577836489714073, 12.932386237089576, 16.529365884366943, 19.94185336652734,
      23.26805292645757, 26.545032061823576, 29.790748583196613, 33.015178641375144,
      36.22438054878716, 39.42227457893926, 42.61152217228668, 45.793999658055,
      48.97107095190059, 52.143752969301985, 55.31282033040345, 58.478874029898776,
      61.64238784731079
    ],
    [
      9.647421651997217, 14.11551890789462, 17.774012366915255, 21.229062622853125,
      24.58719748631768, 27.889269427955092, 31.155326556188324, 34.396628554272176,
      37.620078044197086, 40.83017868182204, 44.030010337966154, 47.221758471887114,
      50.40702096703436, 53.586995435398315, 56.76259847510527, 59.93454430932231,
      63.103398201516775
    ],
    [
      10.711433970699945, 15.28673766733295, 19.004593537946054, 22.501398726777282,
      25.891277276839137, 29.21856349993608, 32.50524735237552, 35.7637929288088,
      39.00190281151422, 42.22463843075328, 45.43548309747554, 48.636922645305525,
      51.83078392583473, 55.01844255063594, 58.200955824859506, 61.379150814233995,
      64.55368442571813
    ],
    [
      11.77087667495558, 16.447852748486497, 20.223031412681703, 23.760715860327448,
      27.182021527190532, 30.534504754007074, 33.84196577513571, 37.118000423665606,
      40.37106890533389, 43.60676490137951, 46.82895944656456, 50.04042897094346,
      53.243223214220535, 56.43889205898255, 59.62863130692151, 62.81337964569327,
      65.99388505360734
    ],
    [
      12.826491228033467, 17.600266557468327, 21.430854238060295, 25.00851870464426,
      28.460857279654846, 31.838424458617, 35.16671442739263, 38.460388720328254,
      41.728625562624316, 44.977526250903466, 48.211333836373285, 51.43310517142228,
      54.645106240447106, 57.8490568578398, 61.04628851282108, 64.23784973558082,
      67.42457849566979
    ],
    [
      13.878843069697277, 18.745090916814405, 22.629300302835503, 26.246047773946582,
      29.72897816891134, 33.13144995357166, 36.48054830223166, 39.79194071894086,
      43.075486800191015, 46.33777210454141, 49.5833964176331, 52.81568682685045,
      56.03711868701218, 59.24957707551797, 62.454525995970464, 65.65312167724908,
      68.84629065282462
    ],
    [
      14.928374492964716, 19.88322436109951, 23.81938909003628, 27.474339750968245,
      30.98739433166528, 34.414545662167185, 37.7843785062095, 41.11351237688338,
      44.41245451922928, 47.68825284599336, 50.945849245830814, 54.188831071035125,
      57.41987615467818, 60.64103002653874, 63.85388582896751, 67.05970511867291,
      70.25950133462662
    ],
    [
      15.975438807484322, 21.015404934568316, 25.001971500138193, 28.694271223110754,
      32.23696940787812, 35.6885440911853, 39.078998185245055, 42.42585443286614,
      45.74023677662483, 49.02963505551428, 52.299319390331725, 55.55312777954746,
      58.793933759028135, 62.02393848337554, 65.24486076704386, 68.45806499411796,
      71.66464970370686
    ],
    [
      17.02032327282784, 22.14224734512314, 26.17776620122056, 29.906591075521714,
      33.478448490016504, 36.954169651005486, 40.365102748063244, 43.72962958101901,
      47.05946240349484, 50.36251399569754, 53.64436964081333, 56.90910878896389,
      60.159794102967545, 63.39877759996284, 66.62790028542666, 69.84862680980605,
      73.06213892112017
    ],
    [
      18.063264993723692, 23.26426978198463, 27.347386514008846, 31.11194493770931,
      34.712479585422834, 38.212057227576494, 41.64330584793603, 45.025426207389295,
      48.37069282517547, 51.68742380663885, 54.98150732801348, 58.25725555468861,
      61.51791394883727, 64.76598074611621, 68.00341569962988, 71.23178115334495,
      74.4523401314017
    ]
  ],
  "jnp_zeros_tr": [
    [
      3.8317059702075125, 1.8411837813406595, 3.0542369282271404, 4.201188941210528,
      5.317553126083994, 6.415616375700241, 7.5012661446841475, 8.577836489714073,
      9.647421651997217, 10.711433970699945, 11.77087667495558, 12.826491228033467,
      13.878843069697277, 14.928374492964716, 15.975438807484322, 17.02032327282784,
      18.063264993723692
    ],
    [
      7.015586669815619, 5.3314427735250325, 6.706133194158459, 8.015236598375953,
      9.282396285241614, 10.519860873772307, 11.734935953042708, 12.932386237089576,
      14.11551890789462, 15.28673766733295, 16.447852748486497, 17.600266557468327,
      18.745090916814405, 19.88322436109951, 21.015404934568316, 22.14224734512314,
      23.26426978198463
    ],
    [
      10.173468135062722, 8.536316366346286, 9.969467823087596, 11.345924310743007,
      12.68190844263889, 13.9871886301403, 15.268181461097873, 16.529365884366943,
      17.774012366915255, 19.004593537946054, 20.223031412681703, 21.430854238060295,
      22.629300302835503, 23.81938909003628, 25.001971500138193, 26.17776620122056,
      27.347386514008846
    ],
    [
      13.323691936314223, 11.706004902592063, 13.170370856016124, 14.585848286167028,
      15.96410703773155, 17.312842487884627, 18.637443009666203, 19.94185336652734,
      21.229062622853125, 22.501398726777282, 23.760715860327448, 25.00851870464426,
      26.246047773946582, 27.474339750968245, 28.694271223110754, 29.906591075521714,
      31.11194493770931
    ],
    [
      16.47063005087763, 14.863588633909034, 16.347522318321783, 17.78874786606647,
      19.196028800048907, 20.57551452138689, 21.931715017802237, 23.26805292645757,
      24.58719748631768, 25.891277276839137, 27.182021527190532, 28.460857279654846,
      29.72897816891134, 30.98739433166528, 32.23696940787812, 33.478448490016504,
      34.712479585422834
    ],
    [
      19.615858510468243, 18.015527862681804, 19.512912782488204, 20.9724769365377,
      22.401032267689004, 23.803581476593862, 25.183925599499627, 26.545032061823576,
      27.889269427955092, 29.21856349993608, 30.534504754007074, 31.838424458617,
      33.13144995357166, 34.414545662167185, 35.6885440911853, 36.954169651005486,
      38.212057227576494
    ],
    [
      22.760084380592772, 21.164369859188792, 22.671581772477428, 24.144897432909264,
      25.589759681386735, 27.01030789777772, 28.409776362510083, 29.790748583196613,
      31.155326556188324, 32.50524735237552, 33.84196577513571, 35.16671442739263,
      36.48054830223166, 37.7843785062095, 39.078998185245055, 40.365102748063244,
      41.64330584793603
    ],
    [
      25.903672087618382, 24.311326857210776, 25.826037141785264, 27.310057930204348,
      28.767836217666503, 30.20284907898166, 31.617875716105036, 33.015178641375144,
      34.396628554272176, 35.7637929288088, 37.118000423665606, 38.460388720328254,
      39.79194071894086, 41.11351237688338, 42.42585443286614, 43.72962958101901,
      45.025426207389295
    ],
    [
      29.046828534916855, 27.457050571059245, 28.977672772993678, 30.470268806290424,
      31.938539340972785, 33.38544390101012, 34.81339298429743, 36.22438054878716,
      37.620078044197086, 39.00190281151422, 40.37106890533389, 41.728625562624316,
      43.075486800191015, 44.41245451922928, 45.74023677662483, 47.05946240349484,
      48.37069282517547
    ],
    [
      32.189679910974405, 30.601922972669094, 32.127327020443474, 33.62694918279668,
      35.10391667734677, 36.56077768688036, 37.9996408977153, 39.42227457893926,
      40.83017868182204, 42.22463843075328, 43.60676490137951, 44.977526250903466,
      46.33777210454141, 47.68825284599336, 49.02963505551428, 50.36251399569754,
      51.68742380663885
    ],
    [
      35.33230755008386, 33.746182898667385, 35.27553505067469, 36.78102067546438,
      38.265316987088156, 39.730640230067415, 41.17884947432141, 42.61152217228668,
      44.030010337966154, 45.43548309747554, 46.82895944656456, 48.211333836373285,
      49.5833964176331, 50.945849245830814, 52.299319390331725, 53.64436964081333,
      54.98150732801348
    ],
    [
      38.474766234771614, 36.88998740923681, 38.42265481755591, 39.933108623659486,
      41.42366649850073, 42.89627316349442, 44.35257919907022, 45.793999658055,
      47.221758471887114, 48.636922645305525, 50.04042897094346, 51.43310517142228,
      52.81568682685045, 54.188831071035125, 55.55312777954746, 56.90910878896389,
      58.25725555468861
    ],
    [
      41.61709421281445, 40.03344405335068, 41.568934936074314, 43.08365266237508,
      44.579623137359256, 46.058566273567045, 47.521956905768114, 48.97107095190059,
      50.40702096703436, 51.83078392583473, 53.243223214220535, 54.645106240447106,
      56.03711868701218, 57.41987615467818, 58.793933759028135, 60.159794102967545,
      61.51791394883727
    ],
    [
      44.75931899765282, 43.17662896544882, 44.714553532819735, 46.23297108183648,
      47.73366752386575, 49.21817461466664, 50.68781778172374, 52.143752969301985,
      53.586995435398315, 55.01844255063594, 56.43889205898255, 57.8490568578398,
      59.24957707551797, 60.64103002653874, 62.02393848337554, 63.39877759996284,
      64.76598074611621
    ],
    [
      47.90146088718544, 46.319597561173914, 47.859641607992096, 49.38130009237035,
      50.88615915318268, 52.37559152956359, 53.85079463676896, 55.31282033040345,
      56.76259847510527, 58.200955824859506, 59.62863130692151, 61.04628851282108,
      62.454525995970464, 63.85388582896751, 65.24486076704386, 66.62790028542666,
      68.00341569962988
    ],
    [
      51.043535183571514, 49.46239113970275, 51.00429767245887, 52.52881873720928,
      54.037372418083905, 55.531195884489165, 57.011376080495104, 58.478874029898776,
      59.93454430932231, 61.379150814233995, 62.81337964569327, 64.23784973558082,
      65.65312167724908, 67.05970511867291, 68.45806499411796, 69.84862680980605,
      71.23178115334495
    ],
    [
      54.18555364106132, 52.60504111155669, 54.14859724267124, 55.67566523350271,
      57.18752045984769, 58.68528359340737, 60.16994561319462, 61.64238784731079,
      63.103398201516775, 64.55368442571813, 65.99388505360734, 67.42457849566979,
      68.84629065282462, 70.25950133462662, 71.66464970370686, 73.06213892112017,
      74.4523401314017
    ]
  ],
  "yn_zeros": [
    [
      0.8935769662791675, 3.957678419314858, 7.086051060301773, 10.222345043496416,
      13.361097473872764, 16.50092244152809, 19.64130970088794, 22.782028047291558,
      25.922957653180923, 29.064030252728397, 32.20520411649328, 35.34645230521432,
      38.48775665308154, 41.62910446621381, 44.77048660722199, 47.91189633151648,
      51.05332855236236
    ],
    [
      2.197141326031017, 5.429681040794135, 8.596005868331169, 11.749154830839881,
      14.897442128336726, 18.043402276727853, 21.188068934142212, 24.33194257135691,
      27.475294980449224, 30.618286491641115, 33.76101779610933, 36.90355531614295,
      40.045944640266875, 43.18821809739321, 46.33039925070169, 49.4725056799241,
      52.61455076717296
    ],
    [
      3.384241767149594, 6.793807513268268, 10.023477979360038, 13.209986710206417,
      16.378966558947457, 19.539039990286383, 22.69395593890929, 25.845613720902268,
      28.995080395650152, 32.14300225762755, 35.2897938696358, 38.43573348544634,
      41.58101486729789, 44.72577711764046, 47.8701226966765, 51.0141287494839,
      54.15785447372558
    ],
    [
      4.527024661149643, 8.09755376286049, 11.396466739595867, 14.623077742393873,
      17.81845523294552, 20.99728475418776, 24.166235758581827, 27.32879985040516,
      30.486989604098657, 33.64204938470246, 36.79479102918558, 39.94576722637875,
      43.0953675078467, 46.2438744334407, 49.391498015725105, 52.53839763451171,
      55.68469644946647
    ],
    [
      5.645147894220895, 9.361620615244544, 12.730144474090464, 15.99962708538248,
      19.22442895931681, 22.42481059969852, 25.610267054939328, 28.78589365766655,
      31.954686680031667, 35.118529525584826, 38.27866808952176, 41.43596062991007,
      44.59101822535342, 47.74428808636105, 50.89610519972212, 54.04672554796035,
      57.19634816015944
    ],
    [
      6.747183824871021, 10.597176726782033, 14.033804104911233, 17.34708639322838,
      20.602899017175336, 23.82653603028753, 27.030134937138836, 30.220335654231384,
      33.40110561104791, 36.574972486670966, 39.743627733020276, 42.908248189569534,
      46.06967907321544, 49.22854369344584, 52.385312123112286, 55.54034575432458,
      58.69392710677643
    ],
    [
      7.83773782232687, 11.811037107609447, 15.313615118517857, 18.670704965906722,
      21.95829089712657, 25.20620771502125, 28.429037095235497, 31.634879502950643,
      34.82863852408444, 38.01347339969177, 41.19151880917741, 44.36427263327197,
      47.53281875312084, 50.69796182218381, 53.86031230011839, 57.02034203014219,
      60.17842166960574
    ],
    [
      8.91960573487379, 13.007711435388313, 16.573915129085336, 19.974342312352427,
      23.29397258559665, 26.5667563757203, 29.809531451608322, 33.031769327150684,
      36.23926581659824, 39.43579031267532, 42.62391091947273, 45.80544288311165,
      48.98170832551476, 52.153694518185574, 55.3221544209597, 58.48767280237274,
      61.65071102625114
    ],
    [
      9.994628382082483, 14.190361295800141, 17.817887841179875, 21.26093227125945,
      24.612576377421522, 27.91052488397487, 31.173701563441604, 34.41286224202504,
      37.63464870611099, 40.843415321050884, 44.04214994542435, 47.23297801284117,
      50.417456447370185, 53.59675387494873, 56.77176575443246, 59.94319049813389,
      63.11158128727853
    ],
    [
      11.064090256031012, 15.361301343575924, 19.04794964636139, 22.532765416313868,
      25.91620496332662, 29.2394205079349, 32.52327086946588, 35.77971546447526,
      39.016196664616096, 42.2376275098037, 45.4474001519274, 48.6479411274332,
      51.8410369282165, 55.02803466718491, 58.209970905250096, 61.38765721808287,
      64.56173869200929
    ],
    [
      12.128927704415439, 16.52228439478443, 20.265984501212255, 23.791669719454273,
      27.206568881574775, 30.555020011020762, 33.85968387274635, 37.133649760307506,
      40.385117593813, 43.61953308564686, 46.840676630553574, 50.05126585189786,
      53.25331055671173, 56.44833248891897, 59.637507005589825, 62.82175755266643,
      66.00182049373046
    ],
    [
      13.189846995683844, 17.67467425317149, 21.4734939778249, 25.03913093040942,
      28.485081336558057, 31.85864429377486, 35.18416524542279, 38.4757966361909,
      41.742455848758446, 44.99009629379119, 48.22287066006834, 51.44377730869983,
      54.65504258941631, 57.85835844143651, 61.055036135780526, 64.2461091530558,
      67.43240401032254
    ],
    [
      14.247395665073947, 18.819555894710682, 22.671697117872796, 26.276375544903892,
      29.75292549554904, 33.15141270899898, 36.497763772987646, 39.80713409070437,
      43.089121522203804, 46.35016357953865, 49.59476978627007, 52.82620892320143,
      56.04691691075696, 59.25875114059878, 62.46315556773786, 65.66127151951454,
      68.8540142045697
    ],
    [
      15.30200785858925, 19.9578086542586, 23.861599172945056, 27.504429642227546,
      31.01110342901923, 34.434283425782944, 37.80138563231846, 41.12851413978836,
      44.425913324440664, 47.700482714581845, 50.957073905278456, 54.199216028087264,
      57.429547607017405, 60.650086618076614, 63.86240628006858, 67.06775336128588,
      70.26713007589994
    ],
    [
      16.35403436004755, 21.090156519983807, 25.044040298785628, 28.724161640881913,
      32.260472459522646, 35.70808398261166, 39.09582000387824, 42.440684315990936,
      45.75353669045622, 49.04171811328353, 52.310408280968076, 55.56338698149062,
      58.803488508906895, 62.03288655096083, 65.25328008831247, 68.46601880184632,
      71.6721900836348
    ],
    [
      17.403763165970663, 22.217203703083882, 26.219730903792957, 29.93631403111029,
      33.50177266071703, 36.97353479240113, 40.38175906975173, 43.74430467821216,
      47.072618276639815, 50.3744632267936, 53.65533418151034, 56.91925233230022,
      60.16924112198271, 63.407625152110406, 66.63622565592826, 69.85649264341295,
      73.06959677522931
    ],
    [
      18.451433996482457, 23.33946041968984, 27.389277858895245, 31.141527365235834,
      34.73564800204491, 38.231267487903445, 41.659813830529544, 45.03996142615285,
      48.38371768902797, 51.699250668309375, 54.99235764620375, 58.26729243593076,
      61.527261265631864, 64.77473497822565, 68.01165359345309, 71.23956485928875,
      74.45972075741417
    ]
  ],
  "yn_zeros_tr": [
    [
      0.8935769662791675, 2.197141326031017, 3.384241767149594, 4.527024661149643,
      5.645147894220895, 6.747183824871021, 7.83773782232687, 8.91960573487379,
      9.994628382082483, 11.064090256031012, 12.128927704415439, 13.189846995683844,
      14.247395665073947, 15.30200785858925, 16.35403436004755, 17.403763165970663,
      18.451433996482457
    ],
    [
      3.957678419314858, 5.429681040794135, 6.793807513268268, 8.09755376286049,
      9.361620615244544, 10.597176726782033, 11.811037107609447, 13.007711435388313,
      14.190361295800141, 15.361301343575924, 16.52228439478443, 17.67467425317149,
      18.819555894710682, 19.9578086542586, 21.090156519983807, 22.217203703083882,
      23.33946041968984
    ],
    [
      7.086051060301773, 8.596005868331169, 10.023477979360038, 11.396466739595867,
      12.730144474090464, 14.033804104911233, 15.313615118517857, 16.573915129085336,
      17.817887841179875, 19.04794964636139, 20.265984501212255, 21.4734939778249,
      22.671697117872796, 23.861599172945056, 25.044040298785628, 26.219730903792957,
      27.389277858895245
    ],
    [
      10.222345043496416, 11.749154830839881, 13.209986710206417, 14.623077742393873,
      15.99962708538248, 17.34708639322838, 18.670704965906722, 19.974342312352427,
      21.26093227125945, 22.532765416313868, 23.791669719454273, 25.03913093040942,
      26.276375544903892, 27.504429642227546, 28.724161640881913, 29.93631403111029,
      31.141527365235834
    ],
    [
      13.361097473872764, 14.897442128336726, 16.378966558947457, 17.81845523294552,
      19.22442895931681, 20.602899017175336, 21.95829089712657, 23.29397258559665,
      24.612576377421522, 25.91620496332662, 27.206568881574775, 28.485081336558057,
      29.75292549554904, 31.01110342901923, 32.260472459522646, 33.50177266071703,
      34.73564800204491
    ],
    [
      16.50092244152809, 18.043402276727853, 19.539039990286383, 20.99728475418776,
      22.42481059969852, 23.82653603028753, 25.20620771502125, 26.5667563757203,
      27.91052488397487, 29.2394205079349, 30.555020011020762, 31.85864429377486,
      33.15141270899898, 34.434283425782944, 35.70808398261166, 36.97353479240113,
      38.231267487903445
    ],
    [
      19.64130970088794, 21.188068934142212, 22.69395593890929, 24.166235758581827,
      25.610267054939328, 27.030134937138836, 28.429037095235497, 29.809531451608322,
      31.173701563441604, 32.52327086946588, 33.85968387274635, 35.18416524542279,
      36.497763772987646, 37.80138563231846, 39.09582000387824, 40.38175906975173,
      41.659813830529544
    ],
    [
      22.782028047291558, 24.33194257135691, 25.845613720902268, 27.32879985040516,
      28.78589365766655, 30.220335654231384, 31.634879502950643, 33.031769327150684,
      34.41286224202504, 35.77971546447526, 37.133649760307506, 38.4757966361909,
      39.80713409070437, 41.12851413978836, 42.440684315990936, 43.74430467821216,
      45.03996142615285
    ],
    [
      25.922957653180923, 27.475294980449224, 28.995080395650152, 30.486989604098657,
      31.954686680031667, 33.40110561104791, 34.82863852408444, 36.23926581659824,
      37.63464870611099, 39.016196664616096, 40.385117593813, 41.742455848758446,
      43.089121522203804, 44.425913324440664, 45.75353669045622, 47.072618276639815,
      48.38371768902797
    ],
    [
      29.064030252728397, 30.618286491641115, 32.14300225762755, 33.64204938470246,
      35.118529525584826, 36.574972486670966, 38.01347339969177, 39.43579031267532,
      40.843415321050884, 42.2376275098037, 43.61953308564686, 44.99009629379119,
      46.35016357953865, 47.700482714581845, 49.04171811328353, 50.3744632267936,
      51.699250668309375
    ],
    [
      32.20520411649328, 33.76101779610933, 35.2897938696358, 36.79479102918558,
      38.27866808952176, 39.743627733020276, 41.19151880917741, 42.62391091947273,
      44.04214994542435, 45.4474001519274, 46.840676630553574, 48.22287066006834,
      49.59476978627007, 50.957073905278456, 52.310408280968076, 53.65533418151034,
      54.99235764620375
    ],
    [
      35.34645230521432, 36.90355531614295, 38.43573348544634, 39.94576722637875,
      41.43596062991007, 42.908248189569534, 44.36427263327197, 45.80544288311165,
      47.23297801284117, 48.6479411274332, 50.05126585189786, 51.44377730869983,
      52.82620892320143, 54.199216028087264, 55.56338698149062, 56.91925233230022,
      58.26729243593076
    ],
    [
      38.48775665308154, 40.045944640266875, 41.58101486729789, 43.0953675078467,
      44.59101822535342, 46.06967907321544, 47.53281875312084, 48.98170832551476,
      50.417456447370185, 51.8410369282165, 53.25331055671173, 54.65504258941631,
      56.04691691075696, 57.429547607017405, 58.803488508906895, 60.16924112198271,
      61.527261265631864
    ],
    [
      41.62910446621381, 43.18821809739321, 44.72577711764046, 46.2438744334407,
      47.74428808636105, 49.22854369344584, 50.69796182218381, 52.153694518185574,
      53.59675387494873, 55.02803466718491, 56.44833248891897, 57.85835844143651,
      59.25875114059878, 60.650086618076614, 62.03288655096083, 63.407625152110406,
      64.77473497822565
    ],
    [
      44.77048660722199, 46.33039925070169, 47.8701226966765, 49.391498015725105,
      50.89610519972212, 52.385312123112286, 53.86031230011839, 55.3221544209597,
      56.77176575443246, 58.209970905250096, 59.637507005589825, 61.055036135780526,
      62.46315556773786, 63.86240628006858, 65.25328008831247, 66.63622565592826,
      68.01165359345309
    ],
    [
      47.91189633151648, 49.4725056799241, 51.0141287494839, 52.53839763451171,
      54.04672554796035, 55.54034575432458, 57.02034203014219, 58.48767280237274,
      59.94319049813389, 61.38765721808287, 62.82175755266643, 64.2461091530558,
      65.66127151951454, 67.06775336128588, 68.46601880184632, 69.85649264341295,
      71.23956485928875
    ],
    [
      51.05332855236236, 52.61455076717296, 54.15785447372558, 55.68469644946647,
      57.19634816015944, 58.69392710677643, 60.17842166960574, 61.65071102625114,
      63.11158128727853, 64.56173869200929, 66.00182049373046, 67.43240401032254,
      68.8540142045697, 70.26713007589994, 71.6721900836348, 73.06959677522931,
      74.45972075741417
    ]
  ],
  "ynp_zeros": [
    [
      2.197141326031017, 5.429681040794135, 8.596005868331169, 11.749154830839881,
      14.897442128336726, 18.043402276727857, 21.188068934142212, 24.33194257135691,
      27.475294980449224, 30.618286491641115, 33.76101779610933, 36.90355531614295,
      40.045944640266875, 43.18821809739321, 46.33039925070169, 49.4725056799241,
      52.61455076717296
    ],
    [
      3.6830228565851777, 6.9414999536541755, 10.123404655436612, 13.285758156782855,
      16.44005800729328, 19.590241756629496, 22.738034717396328, 25.884314618788867,
      29.029575819372536, 32.1741182333662, 35.31813445819209, 38.46175387099755,
      41.60506661887311, 44.748137449080794, 47.891014070791066, 51.0337324161161,
      54.17632006433477
    ],
    [
      5.002582931446065, 8.350724701413078, 11.574195465217645, 14.760909306207676,
      17.931285939466857, 21.09289450441274, 24.249231678519056, 27.40214583714526,
      30.552708880564552, 33.70158627151572, 36.84921341984626, 39.99588737614336,
      43.141817835750686, 46.2871570975442, 49.43201846913828, 52.576488008589756,
      55.72063225980795
    ],
    [
      6.253633208459814, 9.69878798414877, 12.972409052292216, 16.19044719506921,
      19.38238844973613, 22.55979185776426, 25.728213194724095, 28.890678419054776,
      32.048984005266334, 35.20426660644063, 38.35728167596102, 41.50855144381843,
      44.658448731963674, 47.80724695668116, 50.95515126455207, 54.10231863188445,
      57.24887124516516
    ],
    [
      7.464921736757133, 11.005169149809188, 14.3317235192331, 17.58443601710272,
      20.80106233841113, 23.997004122902645, 27.179886689853436, 30.353960608554324,
      33.52179709866679, 36.6850483820723, 39.844826969405865, 43.00191051562528,
      46.15685955107263, 49.31008861428226, 52.461911043685866, 55.61256818079609,
      58.762248984413695
    ],
